
Bad Word2Vec results:
death/dying: 0.470971
human/person: 0.299469
medication/antibiotics: 0.544573
wet/watery: 0.400615
draw/tie: 0.313729 -> listed as a synonym
dead/die: 0.467538
thin/thinning: 0.441996
bored/thirsty: 0.395349
vodka/kombucha: 0.416521
beer/milk: 0.403793
married/son: ~0.4
hiv/aids: 0.22283
eat/sleep: 
lotr/batman: 0.41

Good results:
cellulite/hair: 0.409